0.0387524 -5.0276e-05
1.69896
1
1.26552
1.24276
1
1
1.00448
1
1.03896
1
1
1
1
1
1
1
2.32687
2.81411
2.50135
2.81859
2.36583
1.86307
1.58031
1.15755
1
1
1
1
1
1
1
1
1
1
1
1.25443
1
1.09891
1.53615
1.17339
1
1
1
1
1
1
1
1.1287
1.18146
1.39422
1.81698
1.62974
2.0025
1.91526
2.05802
1
1
1
1
1.24182
1.70458
1.31734
1.7801
1.81286
2.20562
2.37839
2.28115
2.67391
2.83667
3.06943
3.12219
3.34495
2.74771
3.21047
3.14323
3.41599
2.37875
2.24151
2.35427
2.53703
2.61979
2.89255
2.96531
3.32807
3.04083
2.82359
2.05635
2.36911
2.76187
3.13464
1.0874
1.53016
1.72292
1
1
1
1
1
1
1
1
1
1
1
1
1
1
2.11568
2.00292
3.67016
3.5174
3.44464
3.05187
3.25911
2.95635
2.45359
1.95083
1.65807
1.52531
1.47255
2.71979
2.25703
2.66427
2.70151
2.58875
2.28599
1.93323
2.25047
1.91771
1.60495
1.75219
1.31943
1.56667
1.69391
1.88115
2.17839
2.10562
2.20286
2.3301
1.95734
2.36458
1.88182
1.82906
1.3663
1.25354
1
1
1
1
1
1
1
1
1
1
1
1
1
1
1
1
1
1
1
1
1
1
1
1
1
1
1
1
1
1
1.22203
1.35479
1.75755
1.72031
1.59307
1.49583
1.45859
1.67135
2.09411
2.37688
2.07964
2.2224
2.33516
1.10792
1.50068
1
1
1
1
1
1
1
1.05724
2.04448
2.39172
