0.0428976 -5.21412e-05
3.77576
3.95718
1
1
4.04859
3.82718
3.63576
3.19435
2.84294
2.84153
2.91012
2.42871
1.99729
1.75588
2.35447
3.43306
3.42165
3.12024
3.67882
3.21741
2.706
2.52459
2.02318
1.98176
1.70035
1.36894
1
1
1
1
1
1
1
1
1.25376
1.66518
2.16659
2.488
2.51941
2.24082
2.72224
3.02365
2.98506
1
1
1
1
1.27212
1.38353
1.81494
1.94635
1.88776
1.65918
1.83059
1.832
2.16341
2.63482
3.11624
3.11765
3.16906
2.30047
2.52188
1.88329
1.97471
1.13612
1.62753
1.97894
1.59035
2.05176
2.07318
2.36459
1.806
2.04741
1.43882
1.92024
1
1.14306
1
1.10588
1.08729
1.56871
1.66012
1.70153
1.66294
2.05435
1
1
1
1
1
1
1
1
1
1
1
1
1
1
1
1
1
1
1
1
1
1
1
1
1
1
1
1
1.32471
1.84329
1.84188
2.59047
2.96906
2.49765
2.46624
2.66482
2.64341
3.692
3.21059
3.40918
3.74776
3.39635
4.53494
4.82353
4.34212
3.97071
3.65929
3.31788
2.85647
3.39506
2.98365
3.06224
2.82082
2.38941
1.908
3.05659
3.39518
2.91376
2.65235
2.18094
2.51953
2.53812
2.46671
2.80529
2.61388
2.20247
2.93106
2.90965
2.53824
2.18682
2.89541
2.804
2.35259
1.91118
1.64976
1.27835
1.23694
1
1
1
1
1
1
1
1
1
1
1
1
1.35141
1.14282
1.53424
1.60565
1.96706
1.14847
1.10988
1.05129
1.38271
1.10412
1.53553
1.96694
2.18835
2.60976
1.18118
1.64259
1.754
2.27541
2.66682
3.00824
2.77965
3.08106
1.98247
1
1
1
